version https://git-lfs.github.com/spec/v1
oid sha256:848850e39a1716985f8f0e0f71c108d3bf5b52c18068f31da28de47cea799371
size 5200656
